preu_3hab <- c(7.80, 12.60, 15.96, 12.75, 13.50, 8.25, 8.25, 15.05, 13.83, 20.61, 16.46, 18.00, 15.40, 16.25, 13.39, 25.99, 16.64, 11.03, 16.28, 23.40, 14.81, 17.60, 20.21, 18.04, 18.70, 11.10, 15.60, 8.83, 15.05, 16.15,
15.00, 11.10, 21.08, 28.66, 21.25, 20.47, 25.53, 10.89, 15.01, 11.78, 14.82, 12.17, 14.56, 16.96, 15.50, 14.43, 14.43, 12.71, 31.66, 15.75, 15.75, 11.69, 14.52, 17.35, 22.57, 20.00, 13.80, 13.68, 12.61, 19.00, 24.61, 16.80, 16.72, 23.95, 16.11, 19.41, 13.99, 16.48, 13.20, 13.47, 13.63, 14.76, 16.93, 31.31, 12.81, 21.81, 20.82, 35.77, 15.54, 12.62, 13.91, 21.18, 13.72, 12.00, 19.89, 16.46, 32.70, 22.73, 15.51, 16.26, 28.70, 18.90, 25.75, 16.89, 13.99, 13.99, 28.22, 20.79, 16.81, 20.25, 22.31, 24.03, 15.65, 27.28, 12.60, 17.55, 25.60, 29.44, 27.44, 24.00, 30.10, 10.14, 11.31, 11.20, 15.73, 16.90, 25.40, 18.56, 17.55, 21.75, 21.68, 24.60, 46.32, 42.12, 21.70, 21.42, 22.31, 31.35, 10.00, 10.92, 15.72, 17.10, 15.39, 14.79, 14.11, 14.36, 14.53, 15.11, 18.00, 12.08, 12.53, 17.32, 23.96, 22.60, 6.21, 14.54, 16.59, 16.59, 18.26, 19.42, 10.66, 16.01, 16.14, 16.00, 10.15, 16.46, 16.20, 14.28, 12.10, 8.40, 11.10, 7.52, 13.44, 12.48, 14.72, 8.58, 14.87, 14.35, 13.12, 15.40, 15.00, 15.91, 15.20, 14.51, 22.36, 29.29, 22.70, 10.06, 13.89, 14.24, 17.64, 14.62, 16.23, 14.60, 15.99, 13.65, 15.69, 22.44, 7.14, 6.76, 11.02, 10.65, 12.00, 12.96, 10.71, 11.38, 12.63, 11.11, 11.50, 15.61, 14.80, 15.50, 14.51, 14.95, 13.57, 14.80, 11.84, 13.87, 14.43, 16.83, 14.43, 21.12, 22.62, 12.75, 13.92, 11.05, 10.56, 13.32, 22.75, 12.68, 17.75)